n_start_molecules=7000
n_after_extraction=5699
n_after_featurization=5699
n_after_iqr_and_split=5518
n_train=3281
n_val=580
n_test=1656
r2=0.7994
mae_eV=0.2311
rmse_eV=0.3113
mape=0.0248
optuna_trials=15
tune_time_s=126.7
final_fit_time_s=5.8
total_script_time_s=134.3
best_params={'iterations': 527, 'learning_rate': 0.2242340609462936, 'depth': 6, 'l2_leaf_reg': 1.1422198652621212, 'rsm': 0.9775997370686913}
